
===== bebop_1  (period ~16.1 beats)
   len  off  blocks  spread  gap/sd  median pitch per block
    16    0      39    1.48    1.40  76 71 69 69 69 69 69 69 69 69 70 69 69 71 71 71
    16    8      38    1.54    1.82  76 69 69 69 69 69 69 69 69 69 71 69 69 71 71 69
    32    0      19    1.29    1.84  74 69 69 69 69 69 69 71 69 69 67 69 69 69 69 69
    32   16      19    0.45    2.33  69 69 69 69 69 69 71 69 69 69 69 69 69 69 69 69

===== bebop_4  (period ~32.1 beats)
   len  off  blocks  spread  gap/sd  median pitch per block
    16    0      30    2.41    4.19  73 71 74 73 69 67 69 74 72 73 72 74 73 71 69 69
    16    8      29    2.13    2.77  71 72 74 69 69 67 69 74 71 70 74 74 71 73 69 69
    32    0      15    1.88    3.44  73 74 69 69 73 74 71 69 70 69 69 72 69 69 69
    32   16      14    2.04    4.48  73 69 69 73 73 74 71 69 69 69 74 71 69 69
    64    0       7    1.77    9.02  73 69 73 70 69 72 69
    64   32       7    1.48    4.32  69 71 73 69 69 71 69

===== memory_of_home  (period ~48.4 beats)
   len  off  blocks  spread  gap/sd  median pitch per block
    12    0      37    2.98    2.59  69 69 71 76 69 64 69 69 69 76 69 69 69 73 69 69
    12    6      37    3.66    2.78  69 75 76 69 69 64 74 69 69 76 70 69 69 76 70 69
    24   12      18    0.77    2.01  70 71 69 69 69 69 70 69 69 69 68 69 69 69 69 69

===== bebop_2  (period ~63.5 beats)
   len  off  blocks  spread  gap/sd  median pitch per block
    16    0      28    4.55    4.43  69 76 64 64 70 76 67 67 67 76 69 64 64 76 69 67
    16    8      28    5.17    4.15  76 69 64 64 76 76 66 66 76 76 64 64 76 76 69 67
    32    0      14    3.17    2.65  71 64 76 67 69 64 69 69 69 64 69 64 69 69
    32   16      13    4.36    3.20  69 64 69 67 70 64 76 67 76 64 76 64 69

[exited with code 0]
